$ANSIBLE_VAULT;1.1;AES256
62643734656565646437313261626338363138363037356131653365383662623930366538393730
3938343032646266643237393036643832666231383235370a613131366631336631653863366134
34393234613163636432636136373166623066613661623336336361616235386432393438353862
3934393664353134650a656439393463636664333864353836313166373734643562613162376331
34646463666535313865343166306265333463313730613164373963363335363734303862303133
37343633333536393838376537393066393761343164333035363230646666616637623437373037
31303663376331303664623232303862393030316132656166626330623330613461666130376438
63303861366630336237326439323364366434333939306632633066376335323231663938316132
36393933653763663931383830643034323235613636366135646131346639333061326362333563
37666136386633313230356366393430663638376466613234613337333537333266313235303935
38363538376131636364636537373634313031666666326465303565396261663066386332613238
34626636626132393834393437373638626561366432613338313365366463333630663766373033
35666634363232646364363038343365333238383266396435396365313136323331326430363761
35336264633661633932613265363137313836353233653937613566623133633131623639326564
38363232656130636362643232636565663838373338656662323437313862363934666665643063
31363866383762633334656231666530343431623031366438376335366439303037333933353966
62363830363463643835613839663338356631383630363531303064336263346136313161343661
35663036383332643532343865333439636638353337663433393131626465613335356166386163
63393936393166303439396231333839393363656234653565336466383564656130383636323564
36383035613366306132636333643233663934373362393238333038336161616665356462616632
39653634643730326139333939316435366461353839393864646634353834353331333062383230
32303935346630613730393964336561353563343330663630363637666432333662623437343839
33623934333932386234373136303538623332323666333061623831653461373633373134666236
36346263303564323339363235643839393462373064663966383237633763666265303336626238
62616664663964356666666335626338626431393862373230333965656637323262343737363031
30646433663166353562383131356534313334663963366233663731613062383762633765343265
36653266356662366532666339646264623566333637616565393031343331333035653138326665
30663130663033613565366561616362383663393065313266363465396463356137353631353132
31623235613337383034373530333266663132633433376239396462383231643564666535323766
61653535646637663939343235326630316535396631623036373238336133363431396437366663
34386330333463343933366662356666353434653065376431613232616165383162313632343531
35383737353762623864613363633462356537633537383065343464666366616164326666623531
39383364613561363462663439623461346463323230633935326564653333623531313232363839
33313666636562323338323137313864386563623439333534336439373639333632623862613066
37363430663563376635313239636135393838663263633961653134343433303939373264383333
36383437623736326436656362613538666230643831373464353862303831336366363039613036
61303334306461326632623738323839616137626164383130353436303030343738646565643537
63353032663961353563623034613334396230306337343632613338666333313766646631656433
36383561346631623665316463353634623332383362613636663631376362363134613561323436
32653630333930343939333735616232646230653163383864623866303533633736353038336238
38306530303565393335376230656135613038616333623434383830623061353732653136666238
62656364373331376230633666386165613930656361303162376233636536623231646239613762
38353834333364623364326266333861613338303939666665326435663963653534363337613263
34626131613639326639393130356132316132613366306238393039346366386163616363383931
32626162323832306635636462353864326334383036393733353435386530613963663231613064
65653039356135623031373863383630373432316330323663306264623336626436636631653930
34343439616538373164613734376463343430343734326338353463386263623630383831633839
37643132346362633839326330313337623436316263653064396433303034303234653934393565
62376436613036613564353332363836326439366538343736336261663362626536633766656636
66373461363232656638386163326366303333643961393435396139303936376331393534653139
30303639303733666261633539633438303038393532333461373939653163613536393461643736
33383337346333343434356435636135326266376535386361616439336563343164643133386530
66663864613163636633353332666232626238346433303264646266653061356339656463356166
62343333336162616433373066636363303130366362633232386462333438303034333337313863
35326165386632613637303338333937666565363162373435386565666538316262636463363265
35386631326161383465333135376262643533373864326564656462633064643961383636653739
39323663653265353731356639303031373766626434656235383538363633363636356433313061
39386434623839653736396262353730333633393339663731346262313937343333633863666439
38366662323261363231653266306161353339333937376238313532363934653536343630333263
32333263366235626636393237353562396431393033383065373734393164396639643936613064
32376539333834313364366630356562633534623032333638373734633834363162663061633039
64353231623233633733386437386635353332326439343264353132656463613965336435343934
66663464663731323432313730643630316666313661303935633237316239636531373765333966
33363064346432343839303138353762356261656666643237636639626565396634363262613566
31323336343633333861666636343262313033336237623163343233653734303133623839306530
64653833393466373162373561343164363466353539373638363766333836356537353732366133
34323233646364363037383166373166646130393765626464383465363063343432356561653032
35313939653264666362393338376264646631613137633533656566373061393534633837313233
63363731346230386330343836313963636235653064323463336138326233386462323135303835
66346462363737306136363265626361383664613438393661306433363766623637303530336533
34636261653632633531376535353439313936623437353466643266393237633065386138626163
64383339363462353535336165336165343333313836306565323233353632336165353539626364
66656238613438633332636665303263613864653438663031623436303235396236306539386164
39623135346666373432383261626530316363336264626634333437643431663165303330353637
30343536653134316230316331613465336662643735396633633031613730333739353265623362
33366132616433633838353262633030636364623438626331323863653133323036343566386139
65366661393466366565643161313863646561653139326436376538343836333439643436663136
36633333393264306230633737613038306336373061393166363139366663323033336663666466
65646432326466316264343333353063313131373138393337323764373132633162666233323461
64303466373732616239323531613439306133323139343636306132653833623731303466363663
38393662366534616432396231303761336438356639323936643330626232643638316364373237
31663661396263306436616462306163343835656662313965386638333630613761613964303362
31366632343930653161353234616339333830396431656330666331623430393735366365623831
31653261303238393132653833663662646161653830333237346262306261386561386234656536
32383538346639383164366138646637643431323163656131303461643039616561323166623239
66626164383636363435343436323764643035353639363031623031653162346661656438313064
37623935303364623465336639353032376438333765323034353465393239386230333132626634
31333135613365616336306433626434333965373136386333643061643965386536663136646163
37646332343165633864356533323235346536396631646230616338616563306639643263306664
65636234306165663137363465656639313261373737626464393664663562303830626563316534
62356638343663353132643932373137303965316261376162353532363039623464306662343638
39306561346533313934306336373161623135636362333333333262636239336266653032336331
39613461376531383238633432653237666136613364353736393261376632313638653835383463
35316532393534346465303032386631633438373338393837313466656435643063383364666639
39353735626535303264643438373964343534663332363738366466353062353061643164363632
63623033373832333966376533653938653466653734393332306131613464623531373965333566
37613935633232376231636538333531663766326662656435646435316531613237376539333938
66623431373263636536323838323135643766353238366234306632623366623236613166383366
38383166353065363035353266343438333863633063363237383863383661303764613535396431
33316361333965386339303265333636626365376631616364323832646464643861366330383037
65306231643565393239663438323338646333636566613265303530656637363661333566633965
63326230666139666661656662646265633930313431353463633333346461636462373831353361
36396537663337306638643866373965666230356362363664343461316466646561363539333731
65383466626262333965656163663533346435653763666563383961356637343236616264633631
34343434383461353339316262313730353634346630336465313630363031366133303839643530
38623933326262666635663465633966313834643965313434636332666364363836633030376162
66623234316639326534366134346632633231336561636630656137363435633464306231396163
63303933316331306239396264666466643366383265616466376633313663626435306635333965
32393664336130656230386561303964343038613465663661646565636531376439313535376330
37633763633465666331623636393639393539616366656462336461303763623263356438636665
37636234323330363866343134353263376437373264396334653130353933313830346538373433
37616639376362326265323437353139643863653134633033363533333837363735383734336532
34316639393237363333643261613537636332643338663834303362363935633965333265396161
30393337383936623837343631636634643533333663393262383436323530386332643738386232
64313762626437663862643636316435386465663961626230313133303136643339636536663938
35613465626462313238343534663832666630316635613336323961646662356230353536366466
63346233323836316239303331323837393961303534316563646334393265323134353930303836
66613038646561303264393739633834333739656437363863616133346534366137663733366630
62386362316431616463363235343436396137643633323438653661356638643265366361303462
39663736386362623130303463306638306334613936323938343434653836326466393266353136
39306332306131636261663934663933376462626262353436353263633064373965613634306439
63633166613432616562303638313337333264396336636461333433633336633864646234616239
34353538313332613436666338656431303935633138613031343731363664383831336130616339
36303366643134656664326534633466356332316366663832346164333535343730343932396336
36663165333037363939633237326265393338663831333262633836656532646236373639366263
37313264303065396263623330363663376439626364366662323234326263633564363037656635
35393661663438376230336163343662346661383830366436333562663330343632303439626434
66386662656362633632313236616531316362396635333539333834303037666264343334373439
65663431363634633838653365353330663739643364633536393733346338663462316431326665
30663031623863633733353430323530656432633839303363393638623162666334386339363766
61613332626162393564303936653936303965633065343464366261663165633261343939316165
37613236323938386538653232633336313934653436653062343662303030626438313361306365
32396131613232663537333932633332306664333765626663613834363964306332656337626635
34343937363834323430316430633639353533386135353365306532346337333634333261373338
61633836353162633735613861666534626536303765383339666135613861366432383138636437
31383133636165353335373965663235313131363062643564366635643434393833663335633661
36313733646136306434666261653231646565393231663861383438636232616133346334623531
66306261616238653961636332643139633032323566393831646238383964633534393331636466
39303533393763313036353562653563333132333138356633366636356265373664363537363566
63663632643537643535653066373438613664363437616561646232323331653837663931626266
36346566363030366439393831353035636663666230303064373164336334633630316165313765
30653537383237616165373435623837366132303361656234326636393538396239316463313338
33616638613433636662653363623936366235653633353061356365353362306166383536303462
33313065623035633532316662386236313665303837373334656433623166386234336361333465
34393430356337303533633466626535316337313761366463383466366331636335663034653864
64316438363536333031383539613431653832346330646534623566386165643838316334333933
39663065353131663332386665393534366162633430366236633463323431393461633264646162
64376661396436363432363763663330623765653465663362386662663539333665646661643632
66636236643535353963663466346438316363666530393034626430613338313265366665383463
32306139663738356562316565323131366239653738666534323837366664353635326263386632
33366366376536393336353834326665316431636563623431383962616263336630666561653431
34396339343731366335323562323833663432633833323362626162653966613962653630363461
64636536356161656163643163336533663837373030633263373935306238663266326531383761
63303361656339633665373135663462653932373162363132303032343665356663313432363531
63353531316338663539376134656263666137613839316434393064656663626264643663353731
62653165313136353630373564306263303138343633303766353236333037373931346166356333
36613262666332313436313665613137303435623163383762346535343831653034356661336166
37336337386332396233383364643336386564613732303133613233323865623438373462303932
31326434343133633037653636333830626163363866323430653233616261396230613938366266
36643735336466343937333032376532383139383762373736323135663434313066303932396332
66396533313764353139353464366436623932623532343562613461376463633762313062303963
32363338323434313763613963303232363731353434323438633130393334386265303134356536
38386463663434653030646165393933633638386632326564376261636630353330343934373930
65663031626231633334373265623365653033333937396636373733316365666433336638616464
64663332666239303338663462626133643061373235663638623833343936336261353466323566
62653634623263653036656664336165313032636661336138303364333639326261303234323634
39623333373634306136646465396532636365333937373035383430633162393362653131326566
63636265373538643331643962633666393234316533383931386466393538316434636237343765
63323861353331353036353730323037363738383933353137383164393534326664396563306435
62303263313537346534643731313438636235393063623966333234643064336535323632353563
62336562663639366261646233653964643735303561333235393437303239613734626532623762
63653933633739306237653866626138643030366666386436656364663931633464386566376166
34373537616466623565626662333134653462623932656337653563323432343738303363353632
61383030633536393036353134323264623439656635343130306638653264613338663231383637
34663030643663356633613138313430333033666235353661353033303734346231393563353262
35633562326234306565653137333231393363646136396332316531613266653735366237653934
66383064316666646438363161303033323362373136323334393439346139633965666364636533
32666434303934353863663535363630363563346633326266313739393332346661646339376330
33313934366636393936316638613338613963306437363532393439313838316666303734616365
66326439343961343032623833323138396463376637343633336636386663316162653964353837
61363562323534643831633431363365323535613035666136363061333331303132343130303464
61393563666537393437316232343164343234626532333164316435303962643232393865613238
64326432363839343837373663336231343866656336343833666238363236663137633966346138
32656665323132316261653666396662353830623263373236353962646434626563346135656234
66313538383330623739303232616638653231663933643136376362646462343436363237613637
33303233316431666562306636383362383361646133386566346434623465633531343436653839
65653538666137646135306262313464343134643262643834326533326166386334373862356161
65343362353437396439353363633630353035623563626164383037303963316532366564663461
31616234303766643966306437623537623961303232336632336533646535646538623331346230
63616561356539326135363361633261353231626166373564383161356666343133633733666634
62643437353939633437393136326465336233336563643738336530643234313137393234383434
36373234333462633434663437303838383663636430336166366637313633643365613138363935
62386237316365613663343339333135313838336361616164363437346133626633393533656332
31373661393166323066363966333133303534363230316439323462656364303737363533333866
64303339653430383463653936343330326166623763306665636238623137656465623530353662
66633032373331376232343563303639663263383031376437376166313339333562653134623432
30376262313638616137636132653462316562623437656132663535363861343531623937323830
65613062643864323134613365663833643638306262343337643235373461333766373433666430
61373935616531323337396663653862396465653661666435313862346537333463353636373162
30616362316330636231616531613762666337653936333963663639663037653465633764363332
35383037313437363237613163353261313362366537616232633466653637326638386564346634
61383733326337393238373235336361383230356531613538386637643064346330363063373038
36303133616231613736326131633237353036303139393863353034396662363432373930383861
31643664336132626563633530356165363430666461633332323234653966333161323530363432
31323862326336333836613139353439303864316630363435303432373964306564363565376166
36643938353966653331616466636133386637633361663161306162663836653235326430646533
63616261613233383931313339393034613932643333393137306333323564636464333036383235
34323664633835346463613835656166613239393839353262383766346331643038303664636564
31306331373764393035666264396531646538616262633338393435343230326465326435666630
61363966363362373662333033356164376636373431623662363565633535643861653364393836
62613066623063356361316362396166336332656564656263386264366535666231666439316165
35373837303537316562306236646632333832326333326263393439663037303035623239373765
37663063356565396663346366303532303336393236363133656232323835343665346564323937
32613736613537636665303539613335636532363166363066346231653432613562353964333136
30306539623037623364303365373965616665313535376665336233393765613364333734386163
62356636633764373463323133333936616662633234393666356535383961363130636234663932
31663066363837653735666564346165323265356465636364376437336537376334313563386539
39323532336537353432323463663730623562633237663831346330353966373361616639356531
64353934643531613338313562363939306339643966626263353963343162656633383962616230
63613731653165323635373638653761373830323131616465326366353337653364303332396266
62666466306137346535343337353431343031643263333331353439336563303730333338363835
3637613561353961383636643536656163323430653436633461
